+------------+-------------+-------------+-------------+-------------+-------------------+------------+------------+------------+----------+----------+
|   Time (s) |   Y Pos (m) |   X Pos (m) |   Vel (m/s) |   Angle (°) |   Ang Vel (rad/s) |   Lift (N) |   Drag (N) |   Reynolds |   Turb X |   Turb Y |
+============+=============+=============+=============+=============+===================+============+============+============+==========+==========+
|       0    |       1.5   |       0     |       0     |        30   |             0     |    0       |    0       |          0 |    0.11  |    0.052 |
+------------+-------------+-------------+-------------+-------------+-------------------+------------+------------+------------+----------+----------+
|       0.1  |       1.447 |       0     |       0.963 |        30.1 |             0.044 |    0.0036  |    0.0095  |      12834 |    0.007 |    0.051 |
+------------+-------------+-------------+-------------+-------------+-------------------+------------+------------+------------+----------+----------+
|       0.2  |       1.304 |       0.005 |       1.79  |        31   |             0.311 |    0.01183 |    0.02947 |      23869 |   -0.032 |    0.108 |
+------------+-------------+-------------+-------------+-------------+-------------------+------------+------------+------------+----------+----------+
|       0.3  |       1.097 |       0.024 |       2.235 |        34.8 |             0.987 |    0.02676 |    0.09657 |      29795 |    0.092 |   -0.191 |
+------------+-------------+-------------+-------------+-------------+-------------------+------------+------------+------------+----------+----------+
|       0.4  |       0.859 |       0.072 |       2.548 |        45.2 |             2.657 |    0.05058 |    0.13394 |      33969 |    0.056 |   -0.123 |
+------------+-------------+-------------+-------------+-------------+-------------------+------------+------------+------------+----------+----------+
|       0.5  |       0.651 |       0.148 |       2.059 |        67.9 |             5.46  |    0.30049 |    0.07086 |      27456 |   -0.306 |   -0.256 |
+------------+-------------+-------------+-------------+-------------+-------------------+------------+------------+------------+----------+----------+
|       0.6  |       0.489 |       0.303 |       2.182 |       117.5 |            11.202 |    0.3367  |    0.08045 |      29098 |    0.189 |   -0.137 |
+------------+-------------+-------------+-------------+-------------+-------------------+------------+------------+------------+----------+----------+
|       0.7  |       0.387 |       0.502 |       2.375 |      -164.8 |            14.091 |    0.04358 |    0.05221 |      31668 |    0.298 |   -0.149 |
+------------+-------------+-------------+-------------+-------------+-------------------+------------+------------+------------+----------+----------+
|       0.8  |       0.227 |       0.663 |       2.208 |       -81.6 |            15.013 |    0.07308 |    0.04188 |      29435 |   -0.153 |    0.175 |
+------------+-------------+-------------+-------------+-------------+-------------------+------------+------------+------------+----------+----------+
|       0.91 |       0.021 |       0.836 |       2.754 |        22.5 |            16.992 |    0.00151 |    0.06464 |      36717 |   -0.072 |    0.034 |
+------------+-------------+-------------+-------------+-------------+-------------------+------------+------------+------------+----------+----------+